CHAD;10864388;16366376;66
8.7	9	9.4	9.7	10.1	10.5	10.8	11.2	11.6	12	12.4	12.8	13.2	13.7	14.1	14.6	15	15.5	15.9
3.4	3.4	3.6	3.6	3.8	4	4.3	4.5	4.7	4.8	4.8	4.9	4.9	5	4.9	5.1	5.4	5.7	6
SOMALIA;10092444;15707422;64

MADAGASCAR;16517443;27701857;60
16.3	16.8	17.3	17.8	18.3	18.9	19.4	20	20.6	21.2	21.7	22.3	23	23.6	24.2	24.9	25.6	26.3	27
5.5	5.9	6.3	6.3	6.1	5.9	6	6.1	6.3	6.3	6.6	6.9	7.6	8.7	9.7	10.3	10.5	11	11.7
YEMEN;16420717;29927262;55

SYRIAN ARAB REPUBLIC;8715026;17344029;50

INDIA;611334435;1388829938;44
1075	1093.3	1111.5	1129.6	1147.6	1165.5	1183.2	1200.7	1217.7	1234.3	1250.3	1265.8	1280.8	1295.6	1310.2	1324.5	1338.7	1352.6	1366.4
199.6	220.7	240.7	251.1	249.4	230.3	208.7	200.6	199.6	200.9	203.6	206.4	203.8	198.3	193.1	190.9	190.1	189.2	189.6
MOZAMBIQUE;20029918;30938745;65
18.2	18.8	19.3	19.9	20.5	21.1	21.7	22.3	22.9	23.5	24.2	24.9	25.6	26.3	27	27.8	28.6	29.5	30.4
6.7	6.6	6.6	6.8	6.8	6.9	6.5	6.4	5.9	5.7	5.3	5.3	5.9	7	8.4	9.2	9.4	9.6	10
MAURITANIA;2147374;4612010;47
2.7	2.8	2.9	2.9	3	3.1	3.2	3.3	3.4	3.5	3.6	3.7	3.8	3.9	4	4.2	4.3	4.4	4.5
0.2	0.2	0.2	0.3	0.3	0.3	0.3	0.2	0.2	0.3	0.3	0.3	0.3	0.3	0.4	0.4	0.4	0.4	0.4
MALI;12867957;20270469;63
11.3	11.6	12	12.4	12.8	13.2	13.7	14.1	14.6	15	15.5	16	16.4	16.9	17.4	18	18.5	19.1	19.7
1.8	1.8	1.8	1.8	1.7	1.6	1.4	1.3	1.3	1.3	1.3	1.3	1.1	1	0.9	0.9	1	1	1
GUINEA;8427646;12979126;65

GUINEA-BISSAU;1254939;1953876;64

SIERRA LEONE;6353997;8070714;79
4.8	5	5.2	5.4	5.6	5.8	6	6.1	6.3	6.4	6.6	6.7	6.9	7	7.2	7.3	7.5	7.7	7.8
2.4	2.5	2.6	2.7	2.6	2.5	2.5	2.5	2.5	2.4	2.4	2.3	2.2	2.1	2	2	2	2	1.9
LIBERIA;3855755;5095959;76
3	3	3.1	3.1	3.2	3.3	3.5	3.6	3.8	3.9	4	4.1	4.2	4.4	4.5	4.6	4.7	4.8	4.9
1.1	1.2	1.2	1.1	1.2	1.2	1.2	1.2	1.2	1.3	1.3	1.4	1.5	1.6	1.7	1.8	1.8	1.8	1.9
COTE D'IVOIRE;14677144;26098809;56
16.9	17.2	17.6	18	18.4	18.8	19.2	19.6	20.1	20.5	21	21.5	22.1	22.6	23.2	23.8	24.4	25.1	25.7
3.5	3.7	3.8	3.7	3.7	3.8	4.1	4.3	4.6	4.7	4.7	4.8	4.8	4.6	4.6	4.4	4.5	4.4	4.5
GHANA;15526508;31035357;50
19.8	20.2	20.8	21.3	21.8	22.4	23	23.6	24.2	24.8	25.4	26	26.6	27.2	27.8	28.5	29.1	29.8	30.4
3	2.8	2.7	2.6	2.5	2.4	2.2	2	1.6	1.7	1.7	1.9	1.9	2.1	2.1	2.1	2	1.9	1.9
TOGO;5289721;8226430;64
5.1	5.2	5.3	5.5	5.6	5.8	5.9	6.1	6.3	6.4	6.6	6.8	7	7.1	7.3	7.5	7.7	7.9	8.1
1.6	1.6	1.6	1.6	1.6	1.6	1.6	1.6	1.5	1.5	1.5	1.5	1.5	1.5	1.6	1.6	1.7	1.7	1.7
BENIN;7440036;12191580;61
7.1	7.3	7.5	7.8	8	8.2	8.5	8.7	8.9	9.2	9.5	9.7	10	10.3	10.6	10.9	11.2	11.5	11.8
1.2	1.1	1	1	1	0.9	0.9	0.8	0.8	0.8	0.8	0.8	0.8	0.8	0.8	0.8	0.8	0.8	0.9
NIGERIA;123079477;207011628;59
125.4	128.6	131.9	135.3	138.9	142.5	146.3	150.3	154.3	158.5	162.8	167.2	171.8	176.4	181.1	186	190.9	195.9	201
11.4	11.7	11.7	11.1	10.3	10	10.1	10.8	11.2	11.7	12.3	12.7	14.7	17.4	20.2	22.2	22.8	24.6	26.3
CAMEROON;16642577;26320715;63
15.9	16.4	16.8	17.3	17.7	18.2	18.7	19.3	19.8	20.3	20.9	21.5	22.1	22.7	23.3	23.9	24.6	25.2	25.9
3.7	3.4	3.3	3.1	2.9	2.6	2.4	2.2	2	1.9	1.7	1.5	1.5	1.5	1.6	1.6	1.6	1.6	1.6
CONGO;3308099;5506055;60
3.2	3.3	3.4	3.5	3.6	3.7	3.9	4	4.1	4.3	4.4	4.5	4.6	4.7	4.9	5	5.1	5.2	5.4
0.9	0.9	0.9	1.1	1.2	1.4	1.4	1.4	1.5	1.4	1.4	1.4	1.4	1.2	1.2	1.2	1.3	1.3	1.3
GABON;982836;2204086;45
1.3	1.3	1.3	1.4	1.4	1.4	1.5	1.5	1.6	1.6	1.7	1.7	1.8	1.9	1.9	2	2.1	2.1	2.2
0.1	0.2	0.2	0.2	0.2	0.2	0.2	0.3	0.3	0.3	0.3	0.3	0.3	0.3	0.3	0.3	0.3	0.4	0.4
EQUATORIAL GUINEA;584480;1387398;42

CHINA;317131141;1441767460;22

JAPAN;5283960;126006108;4

PAKISTAN;81971344;228353756;36
146	149.5	153.1	156.7	160.3	164	167.8	171.6	175.5	179.4	183.3	187.3	191.3	195.3	199.4	203.6	207.9	212.2	216.6
31	32.7	32.3	30	28.4	27.1	26.8	27.4	28.8	30.4	31.9	33.2	31.1	28.5	25.4	24.7	24.4	25.1	26.3
DEMOCRATIC PEOPLE'S REPUBLIC OF KOREA;8420719;25875820;33
23.1	23.3	23.5	23.7	23.9	24.1	24.2	24.3	24.4	24.5	24.7	24.8	24.9	25.1	25.2	25.3	25.4	25.5	25.7
8.3	8.1	7.6	7.7	8.1	8.7	9.3	9.7	9.9	10	10	10.1	10.3	10.8	11.2	11.6	12	12.2	12.3
MEXICO;32749301;128858438;25
100.3	101.7	103.1	104.5	106	107.6	109.2	110.8	112.5	114.1	115.7	117.3	118.8	120.4	121.9	123.3	124.8	126.2	127.6
3.3	3.8	4.4	4.8	4.7	4.5	4.5	5	5.4	5.4	5.3	5	4.9	5.5	6.8	7.9	8.4	9	9.8
GUATEMALA;6860471;16953447;40
11.9	12.2	12.5	12.8	13.1	13.4	13.7	14	14.3	14.6	14.9	15.3	15.6	15.9	16.3	16.6	16.9	17.2	17.6
2.7	2.4	2.4	2.5	2.5	2.4	2.5	2.5	2.6	2.5	2.7	2.8	2.9	2.8	2.7	2.6	2.6	2.7	2.7
HONDURAS;4791587;9888860;48
6.8	6.9	7.1	7.3	7.5	7.6	7.8	8	8.2	8.3	8.5	8.6	8.8	9	9.1	9.3	9.4	9.6	9.7
1.5	1.5	1.5	1.6	1.7	1.7	1.7	1.7	1.7	1.8	1.8	1.8	1.7	1.5	1.4	1.3	1.3	1.3	1.3
VENEZUELA;13704856;28870417;47

ANGOLA;19649211;33167128;59
16.9	17.5	18.1	18.8	19.4	20.1	20.9	21.7	22.5	23.4	24.2	25.1	26	26.9	27.9	28.8	29.8	30.8	31.8
11.4	11.1	10.6	10.3	10.2	10	9.7	9.3	9.1	8.9	9	8.9	7.6	6.2	5.3	5.6	5.8	5.7	5.8
BOTSWANA;1256194;2327012;54
1.7	1.7	1.7	1.8	1.8	1.8	1.9	1.9	2	2	2	2	2.1	2.1	2.1	2.2	2.2	2.3	2.3
0.4	0.4	0.4	0.4	0.4	0.4	0.5	0.5	0.5	0.5	0.5	0.5	0.4	0.4	0.4	0.4	0.4	0.5	0.5
SOUTH AFRICA;30896447;59062442;52
45.6	46.2	46.7	47.3	47.9	48.5	49.1	49.8	50.5	51.2	52	52.8	53.7	54.5	55.4	56.2	57	57.8	58.6
1.8	1.7	1.7	1.6	1.7	1.7	1.8	1.8	1.8	1.8	1.8	2	2.2	2.5	2.8	3	3.1	3.3	3.6
CANADA;1774634;37975392;5

UNITED STATES OF AMERICA;36499785;337305876;11

